68
96
97
42
80
92
89
19
7
59
90
38
86
58
68
40
32
58
52
36
48
85
19
72
16
65
97
95
17
85
47
25
77
91
20
100
8
71
43
64
74
33
90
62
98
86
58
35
9
24
78
19
15
69
90
20
23
55
83
24
83
67
97
7
33
4
36
76
57
23
13
71
83
19
48
65
75
67
50
71
53
80
62
27
11
83
60
28
22
23
18
84
72
30
30
88
90
25
7
79
94
43
62
8
76
16
9
11
53
82
20
27
85
65
85
16
99
38
56
23
79
55
63
91
98
2
93
70
8
2
68
69
87
22
72
77
22
71
90
20
4
78
27
25
15
51
57
41
4
71
10
32
52
61
82
32
11
70
33
64
52
46
46
22
14
100
15
36
74
40
8
45
76
40
63
40
82
54
27
28
66
3
25
28
99
25
67
95
96
98
84
75
56
71
38
86
27
8
63
68
32
44
100
19
16
63
83
37
28
44
85
50
31
19
20
30
76
77
22
21
11
76
11
45
53
81
78
41
59
50
22
18
61
40
59
48
67
20
44
29
61
84
71
59
80
97
27
42
42
53
